0.3926	0.0063	0.0018	0.0000	0.0000	0.0000	0.0000	0.0000	0.0000	0.0001	0.0058	0.0012	0.0000	0.0000	0.0000	0.0984	0.0015	0.0004	0.0000	0.0000	0.0000	0.0000	0.0000	0.0000	0.0000	0.0014	0.0003	0.0000	0.0000	0.0000	0.4212	0.0110	0.0031	0.0000	0.0000	0.0000	0.0001	0.0000	0.0000	0.0003	0.0101	0.0021	0.0000	0.0000	0.0001	0.0397	0.0009	0.0002	0.0000	0.0000	0.0000	0.0000	0.0000	0.0000	0.0000	0.0008	0.0002	0.0000	0.0000	0.0000	0.0000	0.0000	0.0000	0.0000	0.0000	0.0000	0.0000	0.0000	0.0000	0.0000	0.0000	0.0000	
0.0016	0.4016	0.0005	0.0009	0.0000	0.0000	0.0003	0.0000	0.0000	0.0000	0.0000	0.0004	0.0000	0.0000	0.0027	0.0004	0.1006	0.0001	0.0002	0.0000	0.0000	0.0001	0.0000	0.0000	0.0000	0.0000	0.0001	0.0000	0.0000	0.0006	0.0028	0.4365	0.0008	0.0015	0.0000	0.0000	0.0006	0.0000	0.0000	0.0000	0.0000	0.0007	0.0001	0.0000	0.0046	0.0002	0.0409	0.0001	0.0001	0.0000	0.0000	0.0000	0.0000	0.0000	0.0000	0.0000	0.0001	0.0000	0.0000	0.0004	0.0000	0.0000	0.0003	0.0000	0.0000	0.0000	0.0000	0.0000	0.0000	0.0000	0.0000	0.0000	
0.0065	0.0068	0.3723	0.0002	0.0000	0.0002	0.0157	0.0000	0.0000	0.0059	0.0001	0.0000	0.0002	0.0000	0.0000	0.0016	0.0016	0.0936	0.0000	0.0000	0.0001	0.0037	0.0000	0.0000	0.0014	0.0000	0.0000	0.0000	0.0000	0.0000	0.0111	0.0117	0.3873	0.0006	0.0000	0.0006	0.0256	0.0000	0.0001	0.0100	0.0003	0.0000	0.0004	0.0000	0.0001	0.0009	0.0009	0.0370	0.0000	0.0000	0.0000	0.0020	0.0000	0.0000	0.0008	0.0000	0.0000	0.0000	0.0000	0.0000	0.0000	0.0000	0.0000	0.0000	0.0000	0.0000	0.0000	0.0000	0.0000	0.0000	0.0000	0.0000	
0.0000	0.0113	0.0002	0.3677	0.0008	0.0001	0.0064	0.0045	0.0001	0.0000	0.0000	0.0000	0.0169	0.0000	0.0000	0.0000	0.0027	0.0000	0.0925	0.0002	0.0000	0.0015	0.0011	0.0000	0.0000	0.0000	0.0000	0.0040	0.0000	0.0000	0.0001	0.0191	0.0005	0.3767	0.0021	0.0004	0.0105	0.0071	0.0002	0.0001	0.0000	0.0000	0.0268	0.0000	0.0001	0.0000	0.0015	0.0000	0.0362	0.0001	0.0000	0.0008	0.0006	0.0000	0.0000	0.0000	0.0000	0.0022	0.0000	0.0000	0.0000	0.0000	0.0045	0.0000	0.0000	0.0000	0.0004	0.0000	0.0000	0.0000	0.0000	0.0000	
0.0000	0.0000	0.0000	0.0013	0.3404	0.0097	0.0006	0.0119	0.0160	0.0004	0.0000	0.0000	0.0277	0.0001	0.0000	0.0000	0.0000	0.0000	0.0003	0.0860	0.0023	0.0001	0.0028	0.0038	0.0001	0.0000	0.0000	0.0066	0.0000	0.0000	0.0000	0.0001	0.0001	0.0033	0.3371	0.0153	0.0015	0.0179	0.0266	0.0010	0.0000	0.0000	0.0431	0.0002	0.0000	0.0000	0.0000	0.0000	0.0002	0.0330	0.0012	0.0001	0.0014	0.0021	0.0001	0.0000	0.0000	0.0035	0.0000	0.0000	0.0000	0.0000	0.0018	0.0000	0.0000	0.0000	0.0001	0.0000	0.0000	0.0000	0.0000	0.0000	
0.0000	0.0001	0.0005	0.0003	0.0148	0.3382	0.0156	0.0003	0.0135	0.0213	0.0002	0.0000	0.0030	0.0001	0.0000	0.0000	0.0000	0.0001	0.0001	0.0035	0.0855	0.0037	0.0001	0.0032	0.0051	0.0000	0.0000	0.0007	0.0000	0.0000	0.0000	0.0004	0.0013	0.0008	0.0233	0.3327	0.0247	0.0008	0.0227	0.0348	0.0005	0.0000	0.0055	0.0004	0.0000	0.0000	0.0000	0.0001	0.0001	0.0019	0.0326	0.0020	0.0001	0.0018	0.0028	0.0000	0.0000	0.0004	0.0000	0.0000	0.0000	0.0000	0.0001	0.0000	0.0000	0.0000	0.0000	0.0000	0.0000	0.0000	0.0000	0.0000	
0.0002	0.0058	0.0188	0.0088	0.0005	0.0090	0.3542	0.0002	0.0002	0.0030	0.0000	0.0000	0.0074	0.0000	0.0000	0.0000	0.0014	0.0045	0.0021	0.0001	0.0022	0.0893	0.0000	0.0000	0.0007	0.0000	0.0000	0.0018	0.0000	0.0000	0.0005	0.0100	0.0307	0.0146	0.0013	0.0143	0.3581	0.0005	0.0006	0.0053	0.0001	0.0000	0.0119	0.0000	0.0001	0.0000	0.0008	0.0025	0.0012	0.0001	0.0012	0.0347	0.0000	0.0000	0.0004	0.0000	0.0000	0.0010	0.0000	0.0000	0.0000	0.0000	0.0001	0.0000	0.0000	0.0000	0.0000	0.0000	0.0000	0.0000	0.0000	0.0000	
0.0000	0.0002	0.0000	0.0101	0.0167	0.0003	0.0003	0.3565	0.0068	0.0000	0.0000	0.0000	0.0165	0.0000	0.0000	0.0000	0.0000	0.0000	0.0024	0.0040	0.0001	0.0001	0.0896	0.0016	0.0000	0.0000	0.0000	0.0039	0.0000	0.0000	0.0000	0.0004	0.0000	0.0161	0.0257	0.0007	0.0008	0.3187	0.0111	0.0001	0.0000	0.0000	0.0254	0.0001	0.0000	0.0000	0.0000	0.0000	0.0013	0.0021	0.0000	0.0001	0.0312	0.0009	0.0000	0.0000	0.0000	0.0020	0.0000	0.0000	0.0000	0.0000	0.0499	0.0000	0.0000	0.0000	0.0043	0.0000	0.0000	0.0000	0.0000	0.0000	
0.0000	0.0000	0.0000	0.0000	0.0029	0.0016	0.0000	0.0009	0.3950	0.0034	0.0000	0.0000	0.0001	0.0039	0.0000	0.0000	0.0000	0.0000	0.0000	0.0007	0.0004	0.0000	0.0002	0.0990	0.0008	0.0000	0.0000	0.0000	0.0009	0.0000	0.0000	0.0000	0.0000	0.0000	0.0049	0.0027	0.0001	0.0014	0.4234	0.0059	0.0001	0.0000	0.0004	0.0068	0.0000	0.0000	0.0000	0.0000	0.0000	0.0004	0.0002	0.0000	0.0001	0.0399	0.0005	0.0000	0.0000	0.0000	0.0005	0.0000	0.0000	0.0000	0.0022	0.0000	0.0000	0.0000	0.0002	0.0000	0.0000	0.0000	0.0000	0.0000	
0.0002	0.0000	0.0025	0.0000	0.0001	0.0043	0.0010	0.0000	0.0057	0.3854	0.0065	0.0000	0.0000	0.0021	0.0000	0.0000	0.0000	0.0006	0.0000	0.0000	0.0010	0.0002	0.0000	0.0014	0.0967	0.0016	0.0000	0.0000	0.0005	0.0000	0.0004	0.0001	0.0042	0.0000	0.0003	0.0070	0.0019	0.0000	0.0098	0.4091	0.0113	0.0000	0.0001	0.0037	0.0000	0.0000	0.0000	0.0003	0.0000	0.0000	0.0006	0.0001	0.0000	0.0008	0.0388	0.0009	0.0000	0.0000	0.0003	0.0000	0.0000	0.0000	0.0000	0.0000	0.0000	0.0000	0.0000	0.0000	0.0000	0.0000	0.0000	0.0000	
0.0026	0.0000	0.0000	0.0000	0.0000	0.0000	0.0000	0.0000	0.0000	0.0020	0.3999	0.0012	0.0000	0.0022	0.0000	0.0006	0.0000	0.0000	0.0000	0.0000	0.0000	0.0000	0.0000	0.0000	0.0005	0.1002	0.0003	0.0000	0.0005	0.0000	0.0046	0.0001	0.0000	0.0000	0.0000	0.0000	0.0000	0.0000	0.0001	0.0034	0.4338	0.0022	0.0000	0.0039	0.0000	0.0004	0.0000	0.0000	0.0000	0.0000	0.0000	0.0000	0.0000	0.0000	0.0003	0.0407	0.0002	0.0000	0.0003	0.0000	0.0000	0.0000	0.0000	0.0000	0.0000	0.0000	0.0000	0.0000	0.0000	0.0000	0.0000	0.0000	
0.0001	0.0002	0.0000	0.0000	0.0000	0.0000	0.0000	0.0000	0.0000	0.0000	0.0003	0.4072	0.0000	0.0001	0.0001	0.0000	0.0000	0.0000	0.0000	0.0000	0.0000	0.0000	0.0000	0.0000	0.0000	0.0001	0.1019	0.0000	0.0000	0.0000	0.0002	0.0003	0.0000	0.0000	0.0000	0.0000	0.0000	0.0000	0.0000	0.0000	0.0005	0.4450	0.0000	0.0003	0.0003	0.0000	0.0000	0.0000	0.0000	0.0000	0.0000	0.0000	0.0000	0.0000	0.0000	0.0000	0.0416	0.0000	0.0000	0.0000	0.0001	0.0001	0.0000	0.0013	0.0000	0.0000	0.0000	0.0001	0.0000	0.0000	0.0000	0.0000	
0.0000	0.0005	0.0002	0.0268	0.0279	0.0020	0.0085	0.0119	0.0008	0.0001	0.0000	0.0000	0.3295	0.0000	0.0000	0.0000	0.0001	0.0001	0.0064	0.0067	0.0005	0.0020	0.0028	0.0002	0.0000	0.0000	0.0000	0.0833	0.0000	0.0000	0.0000	0.0013	0.0006	0.0426	0.0435	0.0036	0.0136	0.0178	0.0021	0.0003	0.0000	0.0000	0.3207	0.0000	0.0000	0.0000	0.0001	0.0000	0.0034	0.0035	0.0003	0.0011	0.0014	0.0001	0.0000	0.0000	0.0000	0.0316	0.0000	0.0000	0.0000	0.0000	0.0020	0.0000	0.0000	0.0000	0.0001	0.0000	0.0000	0.0000	0.0000	0.0000	
0.0000	0.0000	0.0000	0.0000	0.0000	0.0000	0.0000	0.0000	0.0013	0.0004	0.0014	0.0004	0.0000	0.4044	0.0000	0.0000	0.0000	0.0000	0.0000	0.0000	0.0000	0.0000	0.0000	0.0003	0.0001	0.0003	0.0001	0.0000	0.1012	0.0000	0.0000	0.0000	0.0000	0.0000	0.0000	0.0000	0.0000	0.0000	0.0022	0.0007	0.0025	0.0007	0.0000	0.4380	0.0000	0.0000	0.0000	0.0000	0.0000	0.0000	0.0000	0.0000	0.0000	0.0002	0.0001	0.0002	0.0001	0.0000	0.0410	0.0000	0.0036	0.0000	0.0003	0.0000	0.0003	0.0000	0.0000	0.0000	0.0000	0.0000	0.0000	0.0000	
0.0000	0.0031	0.0000	0.0000	0.0000	0.0000	0.0000	0.0000	0.0000	0.0000	0.0000	0.0004	0.0000	0.0000	0.4045	0.0000	0.0007	0.0000	0.0000	0.0000	0.0000	0.0000	0.0000	0.0000	0.0000	0.0000	0.0001	0.0000	0.0000	0.1012	0.0000	0.0054	0.0000	0.0000	0.0000	0.0000	0.0000	0.0000	0.0000	0.0000	0.0000	0.0007	0.0000	0.0000	0.4380	0.0000	0.0004	0.0000	0.0000	0.0000	0.0000	0.0000	0.0000	0.0000	0.0000	0.0000	0.0001	0.0000	0.0000	0.0410	0.0000	0.0036	0.0003	0.0000	0.0000	0.0003	0.0000	0.0000	0.0000	0.0000	0.0000	0.0000	
0.3230	0.0049	0.0014	0.0000	0.0000	0.0000	0.0000	0.0000	0.0000	0.0001	0.0045	0.0010	0.0000	0.0000	0.0000	0.0816	0.0012	0.0003	0.0000	0.0000	0.0000	0.0000	0.0000	0.0000	0.0000	0.0011	0.0002	0.0000	0.0000	0.0000	0.4855	0.0137	0.0038	0.0000	0.0000	0.0000	0.0002	0.0000	0.0000	0.0003	0.0125	0.0027	0.0000	0.0001	0.0001	0.0584	0.0013	0.0004	0.0000	0.0000	0.0000	0.0000	0.0000	0.0000	0.0000	0.0012	0.0003	0.0000	0.0000	0.0000	0.0000	0.0000	0.0000	0.0000	0.0000	0.0000	0.0000	0.0000	0.0000	0.0000	0.0000	0.0000	
0.0012	0.3300	0.0004	0.0007	0.0000	0.0000	0.0003	0.0000	0.0000	0.0000	0.0000	0.0003	0.0000	0.0000	0.0021	0.0003	0.0833	0.0001	0.0002	0.0000	0.0000	0.0001	0.0000	0.0000	0.0000	0.0000	0.0001	0.0000	0.0000	0.0005	0.0034	0.5044	0.0010	0.0019	0.0000	0.0000	0.0007	0.0000	0.0000	0.0000	0.0000	0.0009	0.0001	0.0000	0.0058	0.0003	0.0602	0.0001	0.0002	0.0000	0.0000	0.0001	0.0000	0.0000	0.0000	0.0000	0.0001	0.0000	0.0000	0.0005	0.0000	0.0000	0.0004	0.0000	0.0000	0.0000	0.0000	0.0000	0.0000	0.0000	0.0000	0.0000	
0.0051	0.0053	0.3071	0.0002	0.0000	0.0002	0.0123	0.0000	0.0000	0.0046	0.0001	0.0000	0.0001	0.0000	0.0000	0.0012	0.0013	0.0778	0.0000	0.0000	0.0000	0.0030	0.0000	0.0000	0.0011	0.0000	0.0000	0.0000	0.0000	0.0000	0.0137	0.0146	0.4435	0.0007	0.0001	0.0008	0.0315	0.0000	0.0002	0.0124	0.0004	0.0001	0.0006	0.0001	0.0001	0.0013	0.0014	0.0544	0.0001	0.0000	0.0001	0.0031	0.0000	0.0000	0.0012	0.0000	0.0000	0.0000	0.0000	0.0000	0.0000	0.0000	0.0000	0.0000	0.0000	0.0000	0.0000	0.0000	0.0000	0.0000	0.0000	0.0000	
0.0000	0.0088	0.0001	0.3035	0.0006	0.0001	0.0050	0.0035	0.0000	0.0000	0.0000	0.0000	0.0132	0.0000	0.0000	0.0000	0.0021	0.0000	0.0769	0.0001	0.0000	0.0012	0.0009	0.0000	0.0000	0.0000	0.0000	0.0032	0.0000	0.0000	0.0001	0.0237	0.0006	0.4298	0.0028	0.0005	0.0130	0.0087	0.0002	0.0001	0.0000	0.0000	0.0328	0.0000	0.0001	0.0000	0.0023	0.0000	0.0530	0.0002	0.0000	0.0013	0.0008	0.0000	0.0000	0.0000	0.0000	0.0032	0.0000	0.0000	0.0000	0.0000	0.0066	0.0000	0.0000	0.0000	0.0006	0.0000	0.0000	0.0000	0.0000	0.0000	
0.0000	0.0000	0.0000	0.0010	0.2821	0.0076	0.0004	0.0093	0.0125	0.0003	0.0000	0.0000	0.0217	0.0001	0.0000	0.0000	0.0000	0.0000	0.0002	0.0717	0.0018	0.0001	0.0022	0.0030	0.0001	0.0000	0.0000	0.0053	0.0000	0.0000	0.0000	0.0001	0.0001	0.0044	0.3824	0.0187	0.0020	0.0217	0.0328	0.0013	0.0000	0.0000	0.0525	0.0003	0.0000	0.0000	0.0000	0.0000	0.0003	0.0483	0.0019	0.0002	0.0022	0.0032	0.0001	0.0000	0.0000	0.0053	0.0000	0.0000	0.0000	0.0000	0.0026	0.0000	0.0000	0.0000	0.0002	0.0000	0.0000	0.0000	0.0000	0.0000	
0.0000	0.0001	0.0004	0.0002	0.0116	0.2804	0.0122	0.0002	0.0106	0.0167	0.0001	0.0000	0.0023	0.0001	0.0000	0.0000	0.0000	0.0001	0.0001	0.0028	0.0713	0.0030	0.0001	0.0026	0.0040	0.0000	0.0000	0.0006	0.0000	0.0000	0.0000	0.0005	0.0017	0.0011	0.0285	0.3766	0.0302	0.0010	0.0281	0.0428	0.0007	0.0000	0.0068	0.0005	0.0000	0.0000	0.0000	0.0001	0.0001	0.0028	0.0478	0.0030	0.0001	0.0027	0.0042	0.0001	0.0000	0.0006	0.0000	0.0000	0.0000	0.0000	0.0002	0.0000	0.0000	0.0000	0.0000	0.0000	0.0000	0.0000	0.0000	0.0000	
0.0001	0.0045	0.0147	0.0069	0.0004	0.0071	0.2929	0.0001	0.0002	0.0023	0.0000	0.0000	0.0058	0.0000	0.0000	0.0000	0.0011	0.0036	0.0017	0.0001	0.0017	0.0743	0.0000	0.0000	0.0006	0.0000	0.0000	0.0014	0.0000	0.0000	0.0007	0.0124	0.0378	0.0180	0.0018	0.0174	0.4078	0.0006	0.0008	0.0067	0.0001	0.0000	0.0145	0.0000	0.0001	0.0001	0.0012	0.0037	0.0017	0.0001	0.0017	0.0508	0.0000	0.0001	0.0006	0.0000	0.0000	0.0014	0.0000	0.0000	0.0000	0.0000	0.0002	0.0000	0.0000	0.0000	0.0000	0.0000	0.0000	0.0000	0.0000	0.0000	
0.0000	0.0001	0.0000	0.0078	0.0131	0.0002	0.0002	0.2941	0.0053	0.0000	0.0000	0.0000	0.0129	0.0000	0.0000	0.0000	0.0000	0.0000	0.0019	0.0031	0.0001	0.0001	0.0744	0.0013	0.0000	0.0000	0.0000	0.0031	0.0000	0.0000	0.0000	0.0006	0.0000	0.0194	0.0309	0.0010	0.0010	0.3515	0.0135	0.0002	0.0000	0.0000	0.0305	0.0001	0.0000	0.0000	0.0000	0.0000	0.0019	0.0031	0.0001	0.0001	0.0447	0.0013	0.0000	0.0000	0.0000	0.0030	0.0000	0.0000	0.0000	0.0000	0.0719	0.0000	0.0000	0.0000	0.0075	0.0000	0.0000	0.0000	0.0000	0.0000	
0.0000	0.0000	0.0000	0.0000	0.0023	0.0013	0.0000	0.0007	0.3248	0.0027	0.0000	0.0000	0.0001	0.0031	0.0000	0.0000	0.0000	0.0000	0.0000	0.0006	0.0003	0.0000	0.0002	0.0820	0.0006	0.0000	0.0000	0.0000	0.0007	0.0000	0.0000	0.0000	0.0000	0.0001	0.0060	0.0034	0.0002	0.0017	0.4878	0.0073	0.0001	0.0000	0.0005	0.0084	0.0000	0.0000	0.0000	0.0000	0.0000	0.0006	0.0003	0.0000	0.0002	0.0586	0.0007	0.0000	0.0000	0.0000	0.0008	0.0000	0.0001	0.0000	0.0032	0.0000	0.0000	0.0000	0.0003	0.0000	0.0000	0.0000	0.0000	0.0000	
0.0002	0.0000	0.0019	0.0000	0.0001	0.0034	0.0008	0.0000	0.0045	0.3174	0.0051	0.0000	0.0000	0.0017	0.0000	0.0000	0.0000	0.0005	0.0000	0.0000	0.0008	0.0002	0.0000	0.0011	0.0802	0.0012	0.0000	0.0000	0.0004	0.0000	0.0005	0.0001	0.0052	0.0001	0.0004	0.0087	0.0024	0.0000	0.0122	0.4704	0.0140	0.0000	0.0001	0.0047	0.0000	0.0000	0.0000	0.0005	0.0000	0.0000	0.0008	0.0002	0.0000	0.0012	0.0570	0.0013	0.0000	0.0000	0.0004	0.0000	0.0000	0.0000	0.0000	0.0000	0.0000	0.0000	0.0000	0.0000	0.0000	0.0000	0.0000	0.0000	
0.0021	0.0000	0.0000	0.0000	0.0000	0.0000	0.0000	0.0000	0.0000	0.0015	0.3287	0.0010	0.0000	0.0017	0.0000	0.0005	0.0000	0.0000	0.0000	0.0000	0.0000	0.0000	0.0000	0.0000	0.0004	0.0830	0.0002	0.0000	0.0004	0.0000	0.0057	0.0001	0.0000	0.0000	0.0000	0.0000	0.0000	0.0000	0.0001	0.0042	0.5011	0.0027	0.0000	0.0048	0.0000	0.0005	0.0000	0.0000	0.0000	0.0000	0.0000	0.0000	0.0000	0.0000	0.0004	0.0599	0.0003	0.0000	0.0005	0.0000	0.0000	0.0000	0.0000	0.0000	0.0000	0.0000	0.0000	0.0000	0.0000	0.0000	0.0000	0.0000	
0.0001	0.0001	0.0000	0.0000	0.0000	0.0000	0.0000	0.0000	0.0000	0.0000	0.0002	0.3343	0.0000	0.0001	0.0001	0.0000	0.0000	0.0000	0.0000	0.0000	0.0000	0.0000	0.0000	0.0000	0.0000	0.0001	0.0843	0.0000	0.0000	0.0000	0.0003	0.0004	0.0000	0.0000	0.0000	0.0000	0.0000	0.0000	0.0000	0.0000	0.0006	0.5147	0.0000	0.0003	0.0003	0.0000	0.0000	0.0000	0.0000	0.0000	0.0000	0.0000	0.0000	0.0000	0.0000	0.0001	0.0612	0.0000	0.0000	0.0000	0.0002	0.0002	0.0000	0.0019	0.0000	0.0000	0.0000	0.0002	0.0000	0.0000	0.0000	0.0000	
0.0000	0.0004	0.0002	0.0210	0.0219	0.0015	0.0066	0.0093	0.0006	0.0001	0.0000	0.0000	0.2735	0.0000	0.0000	0.0000	0.0001	0.0000	0.0051	0.0053	0.0004	0.0016	0.0022	0.0001	0.0000	0.0000	0.0000	0.0696	0.0000	0.0000	0.0000	0.0018	0.0008	0.0521	0.0529	0.0045	0.0166	0.0216	0.0028	0.0004	0.0000	0.0000	0.3625	0.0000	0.0000	0.0000	0.0001	0.0001	0.0052	0.0053	0.0004	0.0016	0.0021	0.0002	0.0000	0.0000	0.0000	0.0462	0.0000	0.0000	0.0000	0.0000	0.0028	0.0000	0.0000	0.0000	0.0002	0.0000	0.0000	0.0000	0.0000	0.0000	
0.0000	0.0000	0.0000	0.0000	0.0000	0.0000	0.0000	0.0000	0.0010	0.0003	0.0011	0.0003	0.0000	0.3322	0.0000	0.0000	0.0000	0.0000	0.0000	0.0000	0.0000	0.0000	0.0000	0.0002	0.0001	0.0003	0.0001	0.0000	0.0838	0.0000	0.0000	0.0000	0.0000	0.0000	0.0000	0.0000	0.0000	0.0000	0.0027	0.0009	0.0031	0.0009	0.0000	0.5055	0.0000	0.0000	0.0000	0.0000	0.0000	0.0000	0.0000	0.0000	0.0000	0.0003	0.0001	0.0003	0.0001	0.0000	0.0603	0.0000	0.0053	0.0000	0.0004	0.0000	0.0005	0.0000	0.0000	0.0000	0.0000	0.0000	0.0000	0.0000	
0.0000	0.0024	0.0000	0.0000	0.0000	0.0000	0.0000	0.0000	0.0000	0.0000	0.0000	0.0003	0.0000	0.0000	0.3322	0.0000	0.0006	0.0000	0.0000	0.0000	0.0000	0.0000	0.0000	0.0000	0.0000	0.0000	0.0001	0.0000	0.0000	0.0838	0.0000	0.0068	0.0000	0.0000	0.0000	0.0000	0.0000	0.0000	0.0000	0.0000	0.0000	0.0009	0.0000	0.0000	0.5056	0.0000	0.0006	0.0000	0.0000	0.0000	0.0000	0.0000	0.0000	0.0000	0.0000	0.0000	0.0001	0.0000	0.0000	0.0603	0.0000	0.0053	0.0004	0.0000	0.0000	0.0005	0.0000	0.0000	0.0000	0.0000	0.0000	0.0000	
0.0311	0.0008	0.0002	0.0000	0.0000	0.0000	0.0000	0.0000	0.0000	0.0000	0.0007	0.0002	0.0000	0.0000	0.0000	0.0109	0.0003	0.0001	0.0000	0.0000	0.0000	0.0000	0.0000	0.0000	0.0000	0.0003	0.0001	0.0000	0.0000	0.0000	0.7372	0.0275	0.0075	0.0001	0.0000	0.0000	0.0004	0.0000	0.0000	0.0007	0.0252	0.0054	0.0000	0.0002	0.0002	0.1420	0.0036	0.0010	0.0000	0.0000	0.0000	0.0000	0.0000	0.0000	0.0001	0.0033	0.0007	0.0000	0.0000	0.0000	0.0000	0.0000	0.0000	0.0000	0.0000	0.0000	0.0000	0.0000	0.0000	0.0000	0.0000	0.0000	
0.0002	0.0323	0.0001	0.0001	0.0000	0.0000	0.0000	0.0000	0.0000	0.0000	0.0000	0.0001	0.0000	0.0000	0.0003	0.0001	0.0114	0.0000	0.0000	0.0000	0.0000	0.0000	0.0000	0.0000	0.0000	0.0000	0.0000	0.0000	0.0000	0.0001	0.0069	0.7751	0.0021	0.0038	0.0000	0.0000	0.0015	0.0001	0.0000	0.0001	0.0001	0.0018	0.0002	0.0000	0.0117	0.0009	0.1469	0.0003	0.0005	0.0000	0.0000	0.0002	0.0000	0.0000	0.0000	0.0000	0.0002	0.0000	0.0000	0.0015	0.0000	0.0001	0.0010	0.0000	0.0000	0.0000	0.0001	0.0000	0.0000	0.0000	0.0000	0.0000	
0.0008	0.0009	0.0286	0.0000	0.0000	0.0000	0.0019	0.0000	0.0000	0.0007	0.0000	0.0000	0.0000	0.0000	0.0000	0.0003	0.0003	0.0100	0.0000	0.0000	0.0000	0.0007	0.0000	0.0000	0.0003	0.0000	0.0000	0.0000	0.0000	0.0000	0.0271	0.0294	0.6550	0.0018	0.0002	0.0020	0.0609	0.0001	0.0005	0.0246	0.0010	0.0001	0.0014	0.0002	0.0002	0.0036	0.0038	0.1309	0.0002	0.0000	0.0002	0.0084	0.0000	0.0000	0.0033	0.0001	0.0000	0.0001	0.0000	0.0000	0.0000	0.0000	0.0000	0.0000	0.0000	0.0000	0.0000	0.0000	0.0000	0.0000	0.0000	0.0000	
0.0000	0.0014	0.0000	0.0279	0.0002	0.0000	0.0008	0.0005	0.0000	0.0000	0.0000	0.0000	0.0020	0.0000	0.0000	0.0000	0.0005	0.0000	0.0097	0.0001	0.0000	0.0003	0.0002	0.0000	0.0000	0.0000	0.0000	0.0007	0.0000	0.0000	0.0002	0.0469	0.0016	0.6271	0.0066	0.0011	0.0252	0.0167	0.0006	0.0003	0.0000	0.0001	0.0623	0.0000	0.0004	0.0000	0.0062	0.0002	0.1270	0.0007	0.0001	0.0034	0.0023	0.0001	0.0000	0.0000	0.0000	0.0088	0.0000	0.0000	0.0000	0.0000	0.0158	0.0000	0.0000	0.0000	0.0020	0.0000	0.0000	0.0000	0.0000	0.0000	
0.0000	0.0000	0.0000	0.0002	0.0249	0.0011	0.0001	0.0014	0.0020	0.0001	0.0000	0.0000	0.0032	0.0000	0.0000	0.0000	0.0000	0.0000	0.0001	0.0086	0.0004	0.0000	0.0005	0.0007	0.0000	0.0000	0.0000	0.0012	0.0000	0.0000	0.0000	0.0003	0.0002	0.0104	0.5398	0.0352	0.0048	0.0407	0.0642	0.0032	0.0000	0.0000	0.0983	0.0008	0.0000	0.0000	0.0000	0.0000	0.0011	0.1144	0.0050	0.0005	0.0058	0.0087	0.0003	0.0000	0.0000	0.0142	0.0001	0.0000	0.0000	0.0000	0.0066	0.0000	0.0000	0.0000	0.0006	0.0000	0.0000	0.0000	0.0000	0.0000	
0.0000	0.0000	0.0001	0.0001	0.0017	0.0246	0.0018	0.0001	0.0017	0.0026	0.0000	0.0000	0.0004	0.0000	0.0000	0.0000	0.0000	0.0000	0.0000	0.0006	0.0085	0.0007	0.0000	0.0006	0.0010	0.0000	0.0000	0.0002	0.0000	0.0000	0.0001	0.0012	0.0042	0.0028	0.0536	0.5273	0.0573	0.0025	0.0553	0.0828	0.0017	0.0000	0.0141	0.0012	0.0000	0.0000	0.0001	0.0004	0.0003	0.0077	0.1130	0.0081	0.0003	0.0074	0.0114	0.0002	0.0000	0.0018	0.0001	0.0000	0.0000	0.0000	0.0005	0.0000	0.0000	0.0000	0.0000	0.0000	0.0000	0.0000	0.0000	0.0000	
0.0000	0.0007	0.0023	0.0011	0.0001	0.0011	0.0265	0.0000	0.0000	0.0004	0.0000	0.0000	0.0009	0.0000	0.0000	0.0000	0.0003	0.0009	0.0004	0.0000	0.0004	0.0092	0.0000	0.0000	0.0002	0.0000	0.0000	0.0003	0.0000	0.0000	0.0016	0.0250	0.0730	0.0351	0.0042	0.0330	0.5865	0.0015	0.0019	0.0138	0.0003	0.0000	0.0278	0.0001	0.0002	0.0002	0.0033	0.0101	0.0048	0.0004	0.0047	0.1213	0.0001	0.0002	0.0017	0.0000	0.0000	0.0039	0.0000	0.0000	0.0000	0.0000	0.0005	0.0000	0.0000	0.0000	0.0000	0.0000	0.0000	0.0000	0.0000	0.0000	
0.0000	0.0000	0.0000	0.0012	0.0019	0.0001	0.0001	0.0236	0.0008	0.0000	0.0000	0.0000	0.0018	0.0000	0.0000	0.0000	0.0000	0.0000	0.0004	0.0007	0.0000	0.0000	0.0079	0.0003	0.0000	0.0000	0.0000	0.0007	0.0000	0.0000	0.0000	0.0014	0.0001	0.0369	0.0571	0.0023	0.0024	0.4595	0.0261	0.0004	0.0000	0.0000	0.0563	0.0003	0.0000	0.0000	0.0001	0.0000	0.0051	0.0081	0.0002	0.0002	0.1030	0.0035	0.0000	0.0000	0.0000	0.0080	0.0000	0.0000	0.0000	0.0000	0.1668	0.0000	0.0000	0.0000	0.0226	0.0000	0.0000	0.0000	0.0000	0.0000	
0.0000	0.0000	0.0000	0.0000	0.0004	0.0002	0.0000	0.0001	0.0313	0.0004	0.0000	0.0000	0.0000	0.0005	0.0000	0.0000	0.0000	0.0000	0.0000	0.0001	0.0001	0.0000	0.0000	0.0110	0.0002	0.0000	0.0000	0.0000	0.0002	0.0000	0.0000	0.0000	0.0001	0.0002	0.0118	0.0067	0.0004	0.0034	0.7411	0.0146	0.0003	0.0000	0.0012	0.0169	0.0000	0.0000	0.0000	0.0000	0.0000	0.0016	0.0009	0.0000	0.0005	0.1424	0.0019	0.0000	0.0000	0.0001	0.0022	0.0000	0.0001	0.0000	0.0077	0.0000	0.0000	0.0000	0.0010	0.0000	0.0000	0.0000	0.0000	0.0000	
0.0000	0.0000	0.0003	0.0000	0.0000	0.0005	0.0001	0.0000	0.0007	0.0302	0.0008	0.0000	0.0000	0.0003	0.0000	0.0000	0.0000	0.0001	0.0000	0.0000	0.0002	0.0001	0.0000	0.0003	0.0106	0.0003	0.0000	0.0000	0.0001	0.0000	0.0011	0.0003	0.0103	0.0001	0.0010	0.0167	0.0048	0.0001	0.0245	0.7074	0.0280	0.0001	0.0003	0.0094	0.0000	0.0001	0.0000	0.0014	0.0000	0.0001	0.0023	0.0006	0.0000	0.0032	0.1380	0.0037	0.0000	0.0000	0.0012	0.0000	0.0001	0.0000	0.0001	0.0000	0.0000	0.0000	0.0000	0.0000	0.0000	0.0000	0.0000	0.0000	
0.0003	0.0000	0.0000	0.0000	0.0000	0.0000	0.0000	0.0000	0.0000	0.0003	0.0321	0.0002	0.0000	0.0003	0.0000	0.0001	0.0000	0.0000	0.0000	0.0000	0.0000	0.0000	0.0000	0.0000	0.0001	0.0113	0.0001	0.0000	0.0001	0.0000	0.0114	0.0002	0.0001	0.0000	0.0000	0.0001	0.0000	0.0000	0.0002	0.0084	0.7686	0.0055	0.0000	0.0097	0.0000	0.0015	0.0000	0.0000	0.0000	0.0000	0.0000	0.0000	0.0000	0.0000	0.0011	0.1461	0.0007	0.0000	0.0013	0.0000	0.0001	0.0000	0.0000	0.0000	0.0000	0.0000	0.0000	0.0000	0.0000	0.0000	0.0000	0.0000	
0.0000	0.0000	0.0000	0.0000	0.0000	0.0000	0.0000	0.0000	0.0000	0.0000	0.0000	0.0329	0.0000	0.0000	0.0000	0.0000	0.0000	0.0000	0.0000	0.0000	0.0000	0.0000	0.0000	0.0000	0.0000	0.0000	0.0116	0.0000	0.0000	0.0000	0.0006	0.0008	0.0000	0.0000	0.0000	0.0000	0.0000	0.0000	0.0000	0.0000	0.0012	0.7953	0.0000	0.0006	0.0006	0.0001	0.0001	0.0000	0.0000	0.0000	0.0000	0.0000	0.0000	0.0000	0.0000	0.0002	0.1495	0.0000	0.0001	0.0001	0.0005	0.0005	0.0000	0.0045	0.0001	0.0001	0.0000	0.0006	0.0000	0.0000	0.0000	0.0000	
0.0000	0.0001	0.0000	0.0032	0.0032	0.0003	0.0010	0.0013	0.0002	0.0000	0.0000	0.0000	0.0237	0.0000	0.0000	0.0000	0.0000	0.0000	0.0012	0.0012	0.0001	0.0004	0.0005	0.0001	0.0000	0.0000	0.0000	0.0082	0.0000	0.0000	0.0000	0.0043	0.0020	0.0992	0.0990	0.0093	0.0318	0.0404	0.0067	0.0009	0.0000	0.0000	0.5037	0.0001	0.0000	0.0000	0.0004	0.0002	0.0140	0.0143	0.0012	0.0044	0.0058	0.0007	0.0001	0.0000	0.0000	0.1090	0.0000	0.0000	0.0000	0.0000	0.0073	0.0000	0.0000	0.0000	0.0007	0.0000	0.0000	0.0000	0.0000	0.0000	
0.0000	0.0000	0.0000	0.0000	0.0000	0.0000	0.0000	0.0000	0.0002	0.0001	0.0002	0.0001	0.0000	0.0324	0.0000	0.0000	0.0000	0.0000	0.0000	0.0000	0.0000	0.0000	0.0000	0.0001	0.0000	0.0001	0.0000	0.0000	0.0114	0.0000	0.0000	0.0000	0.0000	0.0000	0.0000	0.0000	0.0000	0.0000	0.0055	0.0018	0.0063	0.0018	0.0000	0.7755	0.0000	0.0000	0.0000	0.0000	0.0000	0.0000	0.0000	0.0000	0.0000	0.0007	0.0002	0.0008	0.0002	0.0000	0.1470	0.0000	0.0127	0.0000	0.0010	0.0000	0.0016	0.0000	0.0001	0.0000	0.0000	0.0000	0.0000	0.0000	
0.0000	0.0004	0.0000	0.0000	0.0000	0.0000	0.0000	0.0000	0.0000	0.0000	0.0000	0.0001	0.0000	0.0000	0.0324	0.0000	0.0002	0.0000	0.0000	0.0000	0.0000	0.0000	0.0000	0.0000	0.0000	0.0000	0.0000	0.0000	0.0000	0.0114	0.0001	0.0136	0.0000	0.0000	0.0000	0.0000	0.0000	0.0000	0.0000	0.0000	0.0000	0.0018	0.0000	0.0000	0.7756	0.0000	0.0018	0.0000	0.0000	0.0000	0.0000	0.0000	0.0000	0.0000	0.0000	0.0000	0.0002	0.0000	0.0000	0.1470	0.0000	0.0127	0.0010	0.0000	0.0000	0.0016	0.0001	0.0000	0.0000	0.0000	0.0000	0.0000	
0.0002	0.0000	0.0000	0.0000	0.0000	0.0000	0.0000	0.0000	0.0000	0.0000	0.0000	0.0000	0.0000	0.0000	0.0000	0.0001	0.0000	0.0000	0.0000	0.0000	0.0000	0.0000	0.0000	0.0000	0.0000	0.0000	0.0000	0.0000	0.0000	0.0000	0.0079	0.0002	0.0001	0.0000	0.0000	0.0000	0.0000	0.0000	0.0000	0.0000	0.0002	0.0000	0.0000	0.0000	0.0000	0.9581	0.0136	0.0039	0.0000	0.0000	0.0000	0.0001	0.0000	0.0000	0.0003	0.0125	0.0026	0.0000	0.0000	0.0000	0.0000	0.0000	0.0000	0.0000	0.0000	0.0000	0.0000	0.0000	0.0000	0.0000	0.0000	0.0000	
0.0000	0.0002	0.0000	0.0000	0.0000	0.0000	0.0000	0.0000	0.0000	0.0000	0.0000	0.0000	0.0000	0.0000	0.0000	0.0000	0.0001	0.0000	0.0000	0.0000	0.0000	0.0000	0.0000	0.0000	0.0000	0.0000	0.0000	0.0000	0.0000	0.0000	0.0001	0.0082	0.0000	0.0000	0.0000	0.0000	0.0000	0.0000	0.0000	0.0000	0.0000	0.0000	0.0000	0.0000	0.0001	0.0034	0.9770	0.0010	0.0020	0.0000	0.0000	0.0007	0.0000	0.0000	0.0000	0.0000	0.0009	0.0000	0.0000	0.0057	0.0000	0.0000	0.0000	0.0000	0.0000	0.0000	0.0005	0.0000	0.0000	0.0000	0.0000	0.0000	
0.0000	0.0000	0.0002	0.0000	0.0000	0.0000	0.0000	0.0000	0.0000	0.0000	0.0000	0.0000	0.0000	0.0000	0.0000	0.0000	0.0000	0.0001	0.0000	0.0000	0.0000	0.0000	0.0000	0.0000	0.0000	0.0000	0.0000	0.0000	0.0000	0.0000	0.0002	0.0002	0.0073	0.0000	0.0000	0.0000	0.0005	0.0000	0.0000	0.0002	0.0000	0.0000	0.0000	0.0000	0.0000	0.0141	0.0146	0.9139	0.0004	0.0000	0.0004	0.0342	0.0000	0.0001	0.0128	0.0002	0.0000	0.0003	0.0000	0.0000	0.0000	0.0000	0.0000	0.0000	0.0000	0.0000	0.0000	0.0000	0.0000	0.0000	0.0000	0.0000	
0.0000	0.0000	0.0000	0.0001	0.0000	0.0000	0.0000	0.0000	0.0000	0.0000	0.0000	0.0000	0.0000	0.0000	0.0000	0.0000	0.0000	0.0000	0.0001	0.0000	0.0000	0.0000	0.0000	0.0000	0.0000	0.0000	0.0000	0.0000	0.0000	0.0000	0.0000	0.0003	0.0000	0.0071	0.0000	0.0000	0.0002	0.0001	0.0000	0.0000	0.0000	0.0000	0.0005	0.0000	0.0000	0.0000	0.0243	0.0003	0.8976	0.0015	0.0002	0.0138	0.0093	0.0001	0.0000	0.0000	0.0000	0.0368	0.0000	0.0001	0.0000	0.0000	0.0001	0.0000	0.0000	0.0000	0.0072	0.0000	0.0000	0.0000	0.0000	0.0000	
0.0000	0.0000	0.0000	0.0000	0.0001	0.0000	0.0000	0.0000	0.0000	0.0000	0.0000	0.0000	0.0000	0.0000	0.0000	0.0000	0.0000	0.0000	0.0000	0.0001	0.0000	0.0000	0.0000	0.0000	0.0000	0.0000	0.0000	0.0000	0.0000	0.0000	0.0000	0.0000	0.0000	0.0001	0.0064	0.0003	0.0000	0.0003	0.0005	0.0000	0.0000	0.0000	0.0008	0.0000	0.0000	0.0000	0.0000	0.0000	0.0024	0.8439	0.0213	0.0011	0.0247	0.0347	0.0007	0.0000	0.0000	0.0609	0.0002	0.0000	0.0000	0.0000	0.0000	0.0000	0.0000	0.0000	0.0014	0.0000	0.0000	0.0000	0.0000	0.0000	
0.0000	0.0000	0.0000	0.0000	0.0000	0.0001	0.0000	0.0000	0.0000	0.0000	0.0000	0.0000	0.0000	0.0000	0.0000	0.0000	0.0000	0.0000	0.0000	0.0000	0.0001	0.0000	0.0000	0.0000	0.0000	0.0000	0.0000	0.0000	0.0000	0.0000	0.0000	0.0000	0.0000	0.0000	0.0004	0.0063	0.0005	0.0000	0.0004	0.0006	0.0000	0.0000	0.0001	0.0000	0.0000	0.0000	0.0002	0.0009	0.0006	0.0325	0.8395	0.0342	0.0006	0.0293	0.0464	0.0004	0.0000	0.0064	0.0002	0.0000	0.0000	0.0000	0.0000	0.0000	0.0000	0.0000	0.0001	0.0000	0.0000	0.0000	0.0000	0.0000	
0.0000	0.0000	0.0000	0.0000	0.0000	0.0000	0.0001	0.0000	0.0000	0.0000	0.0000	0.0000	0.0000	0.0000	0.0000	0.0000	0.0000	0.0000	0.0000	0.0000	0.0000	0.0001	0.0000	0.0000	0.0000	0.0000	0.0000	0.0000	0.0000	0.0000	0.0000	0.0002	0.0006	0.0003	0.0000	0.0003	0.0068	0.0000	0.0000	0.0001	0.0000	0.0000	0.0002	0.0000	0.0000	0.0003	0.0124	0.0410	0.0191	0.0010	0.0197	0.8744	0.0003	0.0004	0.0063	0.0000	0.0000	0.0161	0.0000	0.0000	0.0000	0.0000	0.0000	0.0000	0.0000	0.0000	0.0001	0.0000	0.0000	0.0000	0.0000	0.0000	
0.0000	0.0000	0.0000	0.0000	0.0000	0.0000	0.0000	0.0001	0.0000	0.0000	0.0000	0.0000	0.0000	0.0000	0.0000	0.0000	0.0000	0.0000	0.0000	0.0000	0.0000	0.0000	0.0001	0.0000	0.0000	0.0000	0.0000	0.0000	0.0000	0.0000	0.0000	0.0000	0.0000	0.0003	0.0005	0.0000	0.0000	0.0058	0.0002	0.0000	0.0000	0.0000	0.0004	0.0000	0.0000	0.0000	0.0003	0.0000	0.0206	0.0346	0.0005	0.0005	0.7953	0.0139	0.0001	0.0000	0.0000	0.0343	0.0001	0.0000	0.0000	0.0000	0.0013	0.0000	0.0000	0.0000	0.0909	0.0000	0.0000	0.0000	0.0001	0.0000	
0.0000	0.0000	0.0000	0.0000	0.0000	0.0000	0.0000	0.0000	0.0002	0.0000	0.0000	0.0000	0.0000	0.0000	0.0000	0.0000	0.0000	0.0000	0.0000	0.0000	0.0000	0.0000	0.0000	0.0001	0.0000	0.0000	0.0000	0.0000	0.0000	0.0000	0.0000	0.0000	0.0000	0.0000	0.0001	0.0001	0.0000	0.0000	0.0080	0.0001	0.0000	0.0000	0.0000	0.0001	0.0000	0.0000	0.0000	0.0000	0.0000	0.0064	0.0035	0.0001	0.0018	0.9598	0.0073	0.0001	0.0000	0.0003	0.0084	0.0000	0.0000	0.0000	0.0001	0.0000	0.0000	0.0000	0.0035	0.0000	0.0000	0.0000	0.0000	0.0000	
0.0000	0.0000	0.0000	0.0000	0.0000	0.0000	0.0000	0.0000	0.0000	0.0002	0.0000	0.0000	0.0000	0.0000	0.0000	0.0000	0.0000	0.0000	0.0000	0.0000	0.0000	0.0000	0.0000	0.0000	0.0001	0.0000	0.0000	0.0000	0.0000	0.0000	0.0000	0.0000	0.0001	0.0000	0.0000	0.0001	0.0000	0.0000	0.0002	0.0077	0.0002	0.0000	0.0000	0.0001	0.0000	0.0004	0.0001	0.0054	0.0000	0.0002	0.0094	0.0022	0.0000	0.0123	0.9425	0.0141	0.0000	0.0001	0.0046	0.0000	0.0000	0.0000	0.0000	0.0000	0.0000	0.0000	0.0000	0.0000	0.0000	0.0000	0.0000	0.0000	
0.0000	0.0000	0.0000	0.0000	0.0000	0.0000	0.0000	0.0000	0.0000	0.0000	0.0002	0.0000	0.0000	0.0000	0.0000	0.0000	0.0000	0.0000	0.0000	0.0000	0.0000	0.0000	0.0000	0.0000	0.0000	0.0001	0.0000	0.0000	0.0000	0.0000	0.0001	0.0000	0.0000	0.0000	0.0000	0.0000	0.0000	0.0000	0.0000	0.0001	0.0082	0.0000	0.0000	0.0001	0.0000	0.0057	0.0000	0.0000	0.0000	0.0000	0.0000	0.0000	0.0000	0.0000	0.0042	0.9738	0.0026	0.0000	0.0048	0.0000	0.0000	0.0000	0.0000	0.0000	0.0000	0.0000	0.0000	0.0000	0.0000	0.0000	0.0000	0.0000	
0.0000	0.0000	0.0000	0.0000	0.0000	0.0000	0.0000	0.0000	0.0000	0.0000	0.0000	0.0002	0.0000	0.0000	0.0000	0.0000	0.0000	0.0000	0.0000	0.0000	0.0000	0.0000	0.0000	0.0000	0.0000	0.0000	0.0001	0.0000	0.0000	0.0000	0.0000	0.0000	0.0000	0.0000	0.0000	0.0000	0.0000	0.0000	0.0000	0.0000	0.0000	0.0084	0.0000	0.0000	0.0000	0.0003	0.0004	0.0000	0.0000	0.0000	0.0000	0.0000	0.0000	0.0000	0.0000	0.0006	0.9868	0.0000	0.0003	0.0003	0.0000	0.0000	0.0000	0.0000	0.0002	0.0002	0.0000	0.0021	0.0000	0.0000	0.0000	0.0000	
0.0000	0.0000	0.0000	0.0000	0.0000	0.0000	0.0000	0.0000	0.0000	0.0000	0.0000	0.0000	0.0001	0.0000	0.0000	0.0000	0.0000	0.0000	0.0000	0.0000	0.0000	0.0000	0.0000	0.0000	0.0000	0.0000	0.0000	0.0001	0.0000	0.0000	0.0000	0.0000	0.0000	0.0008	0.0008	0.0001	0.0002	0.0003	0.0000	0.0000	0.0000	0.0000	0.0061	0.0000	0.0000	0.0000	0.0009	0.0004	0.0585	0.0613	0.0042	0.0185	0.0246	0.0015	0.0002	0.0000	0.0000	0.8196	0.0000	0.0000	0.0000	0.0000	0.0000	0.0000	0.0000	0.0000	0.0015	0.0000	0.0000	0.0000	0.0000	0.0000	
0.0000	0.0000	0.0000	0.0000	0.0000	0.0000	0.0000	0.0000	0.0000	0.0000	0.0000	0.0000	0.0000	0.0002	0.0000	0.0000	0.0000	0.0000	0.0000	0.0000	0.0000	0.0000	0.0000	0.0000	0.0000	0.0000	0.0000	0.0000	0.0001	0.0000	0.0000	0.0000	0.0000	0.0000	0.0000	0.0000	0.0000	0.0000	0.0000	0.0000	0.0000	0.0000	0.0000	0.0082	0.0000	0.0000	0.0000	0.0000	0.0000	0.0000	0.0000	0.0000	0.0000	0.0027	0.0009	0.0031	0.0009	0.0000	0.9772	0.0000	0.0001	0.0000	0.0000	0.0000	0.0060	0.0000	0.0005	0.0000	0.0000	0.0000	0.0000	0.0000	
0.0000	0.0000	0.0000	0.0000	0.0000	0.0000	0.0000	0.0000	0.0000	0.0000	0.0000	0.0000	0.0000	0.0000	0.0002	0.0000	0.0000	0.0000	0.0000	0.0000	0.0000	0.0000	0.0000	0.0000	0.0000	0.0000	0.0000	0.0000	0.0000	0.0001	0.0000	0.0001	0.0000	0.0000	0.0000	0.0000	0.0000	0.0000	0.0000	0.0000	0.0000	0.0000	0.0000	0.0000	0.0082	0.0000	0.0067	0.0000	0.0000	0.0000	0.0000	0.0000	0.0000	0.0000	0.0000	0.0000	0.0009	0.0000	0.0000	0.9773	0.0000	0.0001	0.0000	0.0000	0.0000	0.0060	0.0005	0.0000	0.0000	0.0000	0.0000	0.0000	
0.0000	0.0000	0.0000	0.0000	0.0000	0.0000	0.0000	0.0000	0.0000	0.0000	0.0000	0.0000	0.0000	0.0000	0.0000	0.0000	0.0000	0.0000	0.0000	0.0000	0.0000	0.0000	0.0000	0.0000	0.0000	0.0000	0.0000	0.0000	0.0000	0.0000	0.0000	0.0000	0.0000	0.0000	0.0000	0.0000	0.0000	0.0000	0.0000	0.0000	0.0000	0.0002	0.0000	0.0022	0.0000	0.0000	0.0000	0.0000	0.0000	0.0000	0.0000	0.0000	0.0000	0.0000	0.0000	0.0000	0.0000	0.0000	0.0003	0.0000	0.8426	0.0000	0.0000	0.0000	0.1545	0.0000	0.0000	0.0000	0.0001	0.0000	0.0000	0.0000	
0.0000	0.0000	0.0000	0.0000	0.0000	0.0000	0.0000	0.0000	0.0000	0.0000	0.0000	0.0000	0.0000	0.0000	0.0000	0.0000	0.0000	0.0000	0.0000	0.0000	0.0000	0.0000	0.0000	0.0000	0.0000	0.0000	0.0000	0.0000	0.0000	0.0000	0.0000	0.0000	0.0000	0.0000	0.0000	0.0000	0.0000	0.0000	0.0000	0.0000	0.0000	0.0002	0.0000	0.0000	0.0022	0.0000	0.0000	0.0000	0.0000	0.0000	0.0000	0.0000	0.0000	0.0000	0.0000	0.0000	0.0000	0.0000	0.0000	0.0003	0.0000	0.8426	0.0000	0.0000	0.0000	0.1545	0.0000	0.0000	0.0000	0.0001	0.0000	0.0000	
0.0000	0.0000	0.0000	0.0000	0.0000	0.0000	0.0000	0.0000	0.0000	0.0000	0.0000	0.0000	0.0000	0.0000	0.0000	0.0000	0.0000	0.0000	0.0000	0.0000	0.0000	0.0000	0.0000	0.0000	0.0000	0.0000	0.0000	0.0000	0.0000	0.0000	0.0000	0.0002	0.0000	0.0003	0.0001	0.0000	0.0000	0.0012	0.0004	0.0000	0.0000	0.0000	0.0001	0.0002	0.0002	0.0000	0.0000	0.0000	0.0000	0.0000	0.0000	0.0000	0.0002	0.0001	0.0000	0.0000	0.0000	0.0000	0.0000	0.0000	0.0000	0.0000	0.8424	0.0000	0.0000	0.0000	0.1545	0.0000	0.0000	0.0000	0.0001	0.0000	
0.0000	0.0000	0.0000	0.0000	0.0000	0.0000	0.0000	0.0000	0.0000	0.0000	0.0000	0.0000	0.0000	0.0000	0.0000	0.0000	0.0000	0.0000	0.0000	0.0000	0.0000	0.0000	0.0000	0.0000	0.0000	0.0000	0.0000	0.0000	0.0000	0.0000	0.0000	0.0000	0.0000	0.0000	0.0000	0.0000	0.0000	0.0000	0.0000	0.0000	0.0000	0.0022	0.0000	0.0000	0.0000	0.0000	0.0000	0.0000	0.0000	0.0000	0.0000	0.0000	0.0000	0.0000	0.0000	0.0000	0.0003	0.0000	0.0000	0.0000	0.0000	0.0000	0.0000	0.8428	0.0000	0.0000	0.0000	0.1546	0.0000	0.0000	0.0000	0.0001	
0.0000	0.0000	0.0000	0.0000	0.0000	0.0000	0.0000	0.0000	0.0000	0.0000	0.0000	0.0000	0.0000	0.0000	0.0000	0.0000	0.0000	0.0000	0.0000	0.0000	0.0000	0.0000	0.0000	0.0000	0.0000	0.0000	0.0000	0.0000	0.0000	0.0000	0.0000	0.0000	0.0000	0.0000	0.0000	0.0000	0.0000	0.0000	0.0000	0.0000	0.0000	0.0000	0.0000	0.0000	0.0000	0.0000	0.0000	0.0000	0.0000	0.0000	0.0000	0.0000	0.0000	0.0000	0.0000	0.0000	0.0001	0.0000	0.0010	0.0000	0.0086	0.0000	0.0000	0.0000	0.9890	0.0000	0.0000	0.0000	0.0011	0.0000	0.0000	0.0000	
0.0000	0.0000	0.0000	0.0000	0.0000	0.0000	0.0000	0.0000	0.0000	0.0000	0.0000	0.0000	0.0000	0.0000	0.0000	0.0000	0.0000	0.0000	0.0000	0.0000	0.0000	0.0000	0.0000	0.0000	0.0000	0.0000	0.0000	0.0000	0.0000	0.0000	0.0000	0.0000	0.0000	0.0000	0.0000	0.0000	0.0000	0.0000	0.0000	0.0000	0.0000	0.0000	0.0000	0.0000	0.0000	0.0000	0.0000	0.0000	0.0000	0.0000	0.0000	0.0000	0.0000	0.0000	0.0000	0.0000	0.0001	0.0000	0.0000	0.0010	0.0000	0.0086	0.0000	0.0000	0.0000	0.9890	0.0000	0.0000	0.0000	0.0011	0.0000	0.0000	
0.0000	0.0000	0.0000	0.0000	0.0000	0.0000	0.0000	0.0000	0.0000	0.0000	0.0000	0.0000	0.0000	0.0000	0.0000	0.0000	0.0000	0.0000	0.0000	0.0000	0.0000	0.0000	0.0000	0.0000	0.0000	0.0000	0.0000	0.0000	0.0000	0.0000	0.0000	0.0000	0.0000	0.0000	0.0000	0.0000	0.0000	0.0000	0.0000	0.0000	0.0000	0.0000	0.0000	0.0000	0.0000	0.0000	0.0001	0.0000	0.0001	0.0000	0.0000	0.0000	0.0007	0.0002	0.0000	0.0000	0.0000	0.0000	0.0001	0.0001	0.0000	0.0000	0.0086	0.0000	0.0000	0.0000	0.9889	0.0000	0.0000	0.0000	0.0011	0.0000	
0.0000	0.0000	0.0000	0.0000	0.0000	0.0000	0.0000	0.0000	0.0000	0.0000	0.0000	0.0000	0.0000	0.0000	0.0000	0.0000	0.0000	0.0000	0.0000	0.0000	0.0000	0.0000	0.0000	0.0000	0.0000	0.0000	0.0000	0.0000	0.0000	0.0000	0.0000	0.0000	0.0000	0.0000	0.0000	0.0000	0.0000	0.0000	0.0000	0.0000	0.0000	0.0000	0.0000	0.0000	0.0000	0.0000	0.0000	0.0000	0.0000	0.0000	0.0000	0.0000	0.0000	0.0000	0.0000	0.0000	0.0010	0.0000	0.0000	0.0000	0.0000	0.0000	0.0000	0.0086	0.0000	0.0000	0.0000	0.9891	0.0000	0.0000	0.0000	0.0011	
0.0000	0.0000	0.0000	0.0000	0.0000	0.0000	0.0000	0.0000	0.0000	0.0000	0.0000	0.0000	0.0000	0.0000	0.0000	0.0000	0.0000	0.0000	0.0000	0.0000	0.0000	0.0000	0.0000	0.0000	0.0000	0.0000	0.0000	0.0000	0.0000	0.0000	0.0000	0.0000	0.0000	0.0000	0.0000	0.0000	0.0000	0.0000	0.0000	0.0000	0.0000	0.0000	0.0000	0.0000	0.0000	0.0000	0.0000	0.0000	0.0000	0.0000	0.0000	0.0000	0.0000	0.0000	0.0000	0.0000	0.0000	0.0000	0.0000	0.0000	0.0000	0.0000	0.0000	0.0000	0.0003	0.0000	0.0000	0.0000	0.9997	0.0000	0.0000	0.0000	
0.0000	0.0000	0.0000	0.0000	0.0000	0.0000	0.0000	0.0000	0.0000	0.0000	0.0000	0.0000	0.0000	0.0000	0.0000	0.0000	0.0000	0.0000	0.0000	0.0000	0.0000	0.0000	0.0000	0.0000	0.0000	0.0000	0.0000	0.0000	0.0000	0.0000	0.0000	0.0000	0.0000	0.0000	0.0000	0.0000	0.0000	0.0000	0.0000	0.0000	0.0000	0.0000	0.0000	0.0000	0.0000	0.0000	0.0000	0.0000	0.0000	0.0000	0.0000	0.0000	0.0000	0.0000	0.0000	0.0000	0.0000	0.0000	0.0000	0.0000	0.0000	0.0000	0.0000	0.0000	0.0000	0.0003	0.0000	0.0000	0.0000	0.9997	0.0000	0.0000	
0.0000	0.0000	0.0000	0.0000	0.0000	0.0000	0.0000	0.0000	0.0000	0.0000	0.0000	0.0000	0.0000	0.0000	0.0000	0.0000	0.0000	0.0000	0.0000	0.0000	0.0000	0.0000	0.0000	0.0000	0.0000	0.0000	0.0000	0.0000	0.0000	0.0000	0.0000	0.0000	0.0000	0.0000	0.0000	0.0000	0.0000	0.0000	0.0000	0.0000	0.0000	0.0000	0.0000	0.0000	0.0000	0.0000	0.0000	0.0000	0.0000	0.0000	0.0000	0.0000	0.0000	0.0000	0.0000	0.0000	0.0000	0.0000	0.0000	0.0000	0.0000	0.0000	0.0000	0.0000	0.0000	0.0000	0.0003	0.0000	0.0000	0.0000	0.9997	0.0000	
0.0000	0.0000	0.0000	0.0000	0.0000	0.0000	0.0000	0.0000	0.0000	0.0000	0.0000	0.0000	0.0000	0.0000	0.0000	0.0000	0.0000	0.0000	0.0000	0.0000	0.0000	0.0000	0.0000	0.0000	0.0000	0.0000	0.0000	0.0000	0.0000	0.0000	0.0000	0.0000	0.0000	0.0000	0.0000	0.0000	0.0000	0.0000	0.0000	0.0000	0.0000	0.0000	0.0000	0.0000	0.0000	0.0000	0.0000	0.0000	0.0000	0.0000	0.0000	0.0000	0.0000	0.0000	0.0000	0.0000	0.0000	0.0000	0.0000	0.0000	0.0000	0.0000	0.0000	0.0000	0.0000	0.0000	0.0000	0.0003	0.0000	0.0000	0.0000	0.9997	
