initialization begins 0.050000
initial 1
n:  4   n_node:  28
matrix cal 16 times 
0.994252 0.988645    0.988645 0.977836    0.977836 0.957738    0.957738 0.922851    0.922851 0.869376    0.869376 0.801527    0.801527 0.726335    0.726335 0.626582    0.626582 0.474326    0.474326 0.281438    0.281438 0.118866    0.118866 0.044608    0.044608 0.018316    0.018316 0.007857    0.007857 0.006137    0.006137 0.005460    A matrix is:
B matrix is:
initialization finished
0
0
0
0
0
0
0
0
0
0
0
0
0
test start 1 a 11
test while 2 b 21
test while 3 c 31
test while 4 d 41
test while 5 e 51
test end 7 g 71
test end 8 h 81
test end 9 i 91
printing block model information...
n_nodes: 28
n_units: 4
base_n_units: 4
r_ready: 1
c_ready: 1
printing package RC information...
r_sp1_x: 0.495131	r_sp1_y: 0.495131
r_sp_per_x: 0.003719	r_sp_per_y: 0.003719
c_sp_per_x: 0.794692	c_sp_per_y: 0.794692
r_hs1_x: 0.071758	r_hs1_y: 0.071758
r_hs2_x: 0.051399	r_hs2_y: 0.051399
r_hs_c_per_x: 0.025660	r_hs_c_per_y: 0.025660
c_hs_c_per_x: 5.483374	c_hs_c_per_y: 5.483374
r_hs: 0.072464	r_hs_per: 0.006389
c_hs_per: 22.023454
r_amb_c_per_x: 2.142083	r_amb_c_per_y: 2.142083
c_amb_c_per_x: 2.182604	c_amb_c_per_y: 2.182604
r_amb_per: 0.533333
c_amb_per: 8.766225
r_sub1_x: -41.162132	r_sub1_y: -41.162132
r_sub_per_x: -4.255060	r_sub_per_y: -4.255060
c_sub_per_x: -0.062608	c_sub_per_y: -0.062608
r_solder1_x: -5.254740	r_solder1_y: -5.254740
r_solder_per_x: -0.479971	r_solder_per_y: -0.479971
c_solder_per_x: -0.077242	c_solder_per_y: -0.077242
r_pcb1_x: -13.706990	r_pcb1_y: -13.706990
r_pcb2_x: -16.408650	r_pcb2_y: -16.408650
r_pcb_c_per_x: -5.667739	r_pcb_c_per_y: -5.667739
c_pcb_c_per_x: -0.103303	c_pcb_c_per_y: -0.103303
r_pcb: 80.696319	r_pcb_per: 0.278690
c_pcb_per: 2.100877
r_amb_sec_c_per_x: -425.505963	r_amb_sec_c_per_y: -425.505963
c_amb_sec_c_per_x: -0.158085	c_amb_sec_c_per_y: -0.158085
r_amb_sec_per: 20.922691
c_amb_sec_per: 3.214978
printing matrix b:
151.86811	-0.01500	-0.01500	0.00000	-151.83811	0.00000	0.00000	0.00000	0.00000	0.00000	0.00000	0.00000	0.00000	0.00000	0.00000	0.00000	0.00000	0.00000	0.00000	0.00000	0.00000	0.00000	0.00000	0.00000	0.00000	0.00000	0.00000	0.00000	
-0.01500	151.86811	0.00000	-0.01500	0.00000	-151.83811	0.00000	0.00000	0.00000	0.00000	0.00000	0.00000	0.00000	0.00000	0.00000	0.00000	0.00000	0.00000	0.00000	0.00000	0.00000	0.00000	0.00000	0.00000	0.00000	0.00000	0.00000	0.00000	
-0.01500	0.00000	151.86811	-0.01500	0.00000	0.00000	-151.83811	0.00000	0.00000	0.00000	0.00000	0.00000	0.00000	0.00000	0.00000	0.00000	0.00000	0.00000	0.00000	0.00000	0.00000	0.00000	0.00000	0.00000	0.00000	0.00000	0.00000	0.00000	
0.00000	-0.01500	-0.01500	151.86811	0.00000	0.00000	0.00000	-151.83811	0.00000	0.00000	0.00000	0.00000	0.00000	0.00000	0.00000	0.00000	0.00000	0.00000	0.00000	0.00000	0.00000	0.00000	0.00000	0.00000	0.00000	0.00000	0.00000	0.00000	
-151.83811	0.00000	0.00000	0.00000	197.38970	-0.00008	-0.00008	0.00000	-45.55143	0.00000	0.00000	0.00000	0.00000	0.00000	0.00000	0.00000	0.00000	0.00000	0.00000	0.00000	0.00000	0.00000	0.00000	0.00000	0.00000	0.00000	0.00000	0.00000	
0.00000	-151.83811	0.00000	0.00000	-0.00008	197.38970	0.00000	-0.00008	0.00000	-45.55143	0.00000	0.00000	0.00000	0.00000	0.00000	0.00000	0.00000	0.00000	0.00000	0.00000	0.00000	0.00000	0.00000	0.00000	0.00000	0.00000	0.00000	0.00000	
0.00000	0.00000	-151.83811	0.00000	-0.00008	0.00000	197.38970	-0.00008	0.00000	0.00000	-45.55143	0.00000	0.00000	0.00000	0.00000	0.00000	0.00000	0.00000	0.00000	0.00000	0.00000	0.00000	0.00000	0.00000	0.00000	0.00000	0.00000	0.00000	
0.00000	0.00000	0.00000	-151.83811	0.00000	-0.00008	-0.00008	197.38970	0.00000	0.00000	0.00000	-45.55143	0.00000	0.00000	0.00000	0.00000	0.00000	0.00000	0.00000	0.00000	0.00000	0.00000	0.00000	0.00000	0.00000	0.00000	0.00000	0.00000	
0.00000	0.00000	0.00000	0.00000	-45.55143	0.00000	0.00000	0.00000	138.34705	-0.40000	-0.40000	0.00000	-91.10287	0.00000	0.00000	0.00000	-0.44638	0.00000	0.00000	-0.44638	0.00000	0.00000	0.00000	0.00000	0.00000	0.00000	0.00000	0.00000	
0.00000	0.00000	0.00000	0.00000	0.00000	-45.55143	0.00000	0.00000	-0.40000	138.34705	0.00000	-0.40000	0.00000	-91.10287	0.00000	0.00000	0.00000	-0.44638	0.00000	-0.44638	0.00000	0.00000	0.00000	0.00000	0.00000	0.00000	0.00000	0.00000	
0.00000	0.00000	0.00000	0.00000	0.00000	0.00000	-45.55143	0.00000	-0.40000	0.00000	138.34705	-0.40000	0.00000	0.00000	-91.10287	0.00000	-0.44638	0.00000	-0.44638	0.00000	0.00000	0.00000	0.00000	0.00000	0.00000	0.00000	0.00000	0.00000	
0.00000	0.00000	0.00000	0.00000	0.00000	0.00000	0.00000	-45.55143	0.00000	-0.40000	-0.40000	138.34705	0.00000	0.00000	0.00000	-91.10287	0.00000	-0.44638	-0.44638	0.00000	0.00000	0.00000	0.00000	0.00000	0.00000	0.00000	0.00000	0.00000	
0.00000	0.00000	0.00000	0.00000	0.00000	0.00000	0.00000	0.00000	-91.10287	0.00000	0.00000	0.00000	102.93915	-2.76000	-2.76000	0.00000	0.00000	0.00000	0.00000	0.00000	-3.08000	0.00000	0.00000	-3.08000	0.00000	0.00000	0.00000	0.00000	
0.00000	0.00000	0.00000	0.00000	0.00000	0.00000	0.00000	0.00000	0.00000	-91.10287	0.00000	0.00000	-2.76000	102.93915	0.00000	-2.76000	0.00000	0.00000	0.00000	0.00000	0.00000	-3.08000	0.00000	-3.08000	0.00000	0.00000	0.00000	0.00000	
0.00000	0.00000	0.00000	0.00000	0.00000	0.00000	0.00000	0.00000	0.00000	0.00000	-91.10287	0.00000	-2.76000	0.00000	102.93915	-2.76000	0.00000	0.00000	0.00000	0.00000	-3.08000	0.00000	-3.08000	0.00000	0.00000	0.00000	0.00000	0.00000	
0.00000	0.00000	0.00000	0.00000	0.00000	0.00000	0.00000	0.00000	0.00000	0.00000	0.00000	-91.10287	0.00000	-2.76000	-2.76000	102.93915	0.00000	0.00000	0.00000	0.00000	0.00000	-3.08000	-3.08000	0.00000	0.00000	0.00000	0.00000	0.00000	
0.00000	0.00000	0.00000	0.00000	0.00000	0.00000	0.00000	0.00000	-0.44638	0.00000	-0.44638	0.00000	0.00000	0.00000	0.00000	0.00000	269.78989	0.00000	0.00000	0.00000	-268.89713	0.00000	0.00000	0.00000	0.00000	0.00000	0.00000	0.00000	
0.00000	0.00000	0.00000	0.00000	0.00000	0.00000	0.00000	0.00000	0.00000	-0.44638	0.00000	-0.44638	0.00000	0.00000	0.00000	0.00000	0.00000	269.78989	0.00000	0.00000	0.00000	-268.89713	0.00000	0.00000	0.00000	0.00000	0.00000	0.00000	
0.00000	0.00000	0.00000	0.00000	0.00000	0.00000	0.00000	0.00000	0.00000	0.00000	-0.44638	-0.44638	0.00000	0.00000	0.00000	0.00000	0.00000	0.00000	269.78989	0.00000	0.00000	0.00000	-268.89713	0.00000	0.00000	0.00000	0.00000	0.00000	
0.00000	0.00000	0.00000	0.00000	0.00000	0.00000	0.00000	0.00000	-0.44638	-0.44638	0.00000	0.00000	0.00000	0.00000	0.00000	0.00000	0.00000	0.00000	0.00000	269.78989	0.00000	0.00000	0.00000	-268.89713	0.00000	0.00000	0.00000	0.00000	
0.00000	0.00000	0.00000	0.00000	0.00000	0.00000	0.00000	0.00000	0.00000	0.00000	0.00000	0.00000	-3.08000	0.00000	-3.08000	0.00000	-268.89713	0.00000	0.00000	0.00000	283.59190	0.00000	0.00000	0.00000	-8.07346	0.00000	0.00000	0.00000	
0.00000	0.00000	0.00000	0.00000	0.00000	0.00000	0.00000	0.00000	0.00000	0.00000	0.00000	0.00000	0.00000	-3.08000	0.00000	-3.08000	0.00000	-268.89713	0.00000	0.00000	0.00000	283.59190	0.00000	0.00000	0.00000	-8.07346	0.00000	0.00000	
0.00000	0.00000	0.00000	0.00000	0.00000	0.00000	0.00000	0.00000	0.00000	0.00000	0.00000	0.00000	0.00000	0.00000	-3.08000	-3.08000	0.00000	0.00000	-268.89713	0.00000	0.00000	0.00000	283.59190	0.00000	0.00000	0.00000	-8.07346	0.00000	
0.00000	0.00000	0.00000	0.00000	0.00000	0.00000	0.00000	0.00000	0.00000	0.00000	0.00000	0.00000	-3.08000	-3.08000	0.00000	0.00000	0.00000	0.00000	0.00000	-268.89713	0.00000	0.00000	0.00000	283.59190	0.00000	0.00000	0.00000	-8.07346	
0.00000	0.00000	0.00000	0.00000	0.00000	0.00000	0.00000	0.00000	0.00000	0.00000	0.00000	0.00000	0.00000	0.00000	0.00000	0.00000	0.00000	0.00000	0.00000	0.00000	-8.07346	0.00000	0.00000	0.00000	9.92627	0.00000	0.00000	0.00000	
0.00000	0.00000	0.00000	0.00000	0.00000	0.00000	0.00000	0.00000	0.00000	0.00000	0.00000	0.00000	0.00000	0.00000	0.00000	0.00000	0.00000	0.00000	0.00000	0.00000	0.00000	-8.07346	0.00000	0.00000	0.00000	9.92627	0.00000	0.00000	
0.00000	0.00000	0.00000	0.00000	0.00000	0.00000	0.00000	0.00000	0.00000	0.00000	0.00000	0.00000	0.00000	0.00000	0.00000	0.00000	0.00000	0.00000	0.00000	0.00000	0.00000	0.00000	-8.07346	0.00000	0.00000	0.00000	9.92627	0.00000	
0.00000	0.00000	0.00000	0.00000	0.00000	0.00000	0.00000	0.00000	0.00000	0.00000	0.00000	0.00000	0.00000	0.00000	0.00000	0.00000	0.00000	0.00000	0.00000	0.00000	0.00000	0.00000	0.00000	-8.07346	0.00000	0.00000	0.00000	9.92627	

printing vector a:
0.01991	0.01991	0.01991	0.01991	0.00607	0.00607	0.00607	0.00607	0.26924	0.26924	0.26924	0.26924	2.59725	2.59725	2.59725	2.59725	0.79469	0.79469	0.79469	0.79469	7.66598	7.66598	7.66598	7.66598	30.78968	30.78968	30.78968	30.78968	
printing vector inva:
50.22899	50.22899	50.22899	50.22899	164.81386	164.81386	164.81386	164.81386	3.71412	3.71412	3.71412	3.71412	0.38502	0.38502	0.38502	0.38502	1.25835	1.25835	1.25835	1.25835	0.13045	0.13045	0.13045	0.13045	0.03248	0.03248	0.03248	0.03248	
printing matrix c:
7628.18116	-0.75343	-0.75343	0.00000	-7626.67429	0.00000	0.00000	0.00000	0.00000	0.00000	0.00000	0.00000	0.00000	0.00000	0.00000	0.00000	0.00000	0.00000	0.00000	0.00000	0.00000	0.00000	0.00000	0.00000	0.00000	0.00000	0.00000	0.00000	
-0.75343	7628.18116	0.00000	-0.75343	0.00000	-7626.67429	0.00000	0.00000	0.00000	0.00000	0.00000	0.00000	0.00000	0.00000	0.00000	0.00000	0.00000	0.00000	0.00000	0.00000	0.00000	0.00000	0.00000	0.00000	0.00000	0.00000	0.00000	0.00000	
-0.75343	0.00000	7628.18116	-0.75343	0.00000	0.00000	-7626.67429	0.00000	0.00000	0.00000	0.00000	0.00000	0.00000	0.00000	0.00000	0.00000	0.00000	0.00000	0.00000	0.00000	0.00000	0.00000	0.00000	0.00000	0.00000	0.00000	0.00000	0.00000	
0.00000	-0.75343	-0.75343	7628.18116	0.00000	0.00000	0.00000	-7626.67429	0.00000	0.00000	0.00000	0.00000	0.00000	0.00000	0.00000	0.00000	0.00000	0.00000	0.00000	0.00000	0.00000	0.00000	0.00000	0.00000	0.00000	0.00000	0.00000	0.00000	
-25025.02503	0.00000	0.00000	0.00000	32532.55890	-0.01319	-0.01319	0.00000	-7507.50751	0.00000	0.00000	0.00000	0.00000	0.00000	0.00000	0.00000	0.00000	0.00000	0.00000	0.00000	0.00000	0.00000	0.00000	0.00000	0.00000	0.00000	0.00000	0.00000	
0.00000	-25025.02503	0.00000	0.00000	-0.01319	32532.55890	0.00000	-0.01319	0.00000	-7507.50751	0.00000	0.00000	0.00000	0.00000	0.00000	0.00000	0.00000	0.00000	0.00000	0.00000	0.00000	0.00000	0.00000	0.00000	0.00000	0.00000	0.00000	0.00000	
0.00000	0.00000	-25025.02503	0.00000	-0.01319	0.00000	32532.55890	-0.01319	0.00000	0.00000	-7507.50751	0.00000	0.00000	0.00000	0.00000	0.00000	0.00000	0.00000	0.00000	0.00000	0.00000	0.00000	0.00000	0.00000	0.00000	0.00000	0.00000	0.00000	
0.00000	0.00000	0.00000	-25025.02503	0.00000	-0.01319	-0.01319	32532.55890	0.00000	0.00000	0.00000	-7507.50751	0.00000	0.00000	0.00000	0.00000	0.00000	0.00000	0.00000	0.00000	0.00000	0.00000	0.00000	0.00000	0.00000	0.00000	0.00000	0.00000	
0.00000	0.00000	0.00000	0.00000	-169.18327	0.00000	0.00000	0.00000	513.83688	-1.48565	-1.48565	0.00000	-338.36654	0.00000	0.00000	0.00000	-1.65789	0.00000	0.00000	-1.65789	0.00000	0.00000	0.00000	0.00000	0.00000	0.00000	0.00000	0.00000	
0.00000	0.00000	0.00000	0.00000	0.00000	-169.18327	0.00000	0.00000	-1.48565	513.83688	0.00000	-1.48565	0.00000	-338.36654	0.00000	0.00000	0.00000	-1.65789	0.00000	-1.65789	0.00000	0.00000	0.00000	0.00000	0.00000	0.00000	0.00000	0.00000	
0.00000	0.00000	0.00000	0.00000	0.00000	0.00000	-169.18327	0.00000	-1.48565	0.00000	513.83688	-1.48565	0.00000	0.00000	-338.36654	0.00000	-1.65789	0.00000	-1.65789	0.00000	0.00000	0.00000	0.00000	0.00000	0.00000	0.00000	0.00000	0.00000	
0.00000	0.00000	0.00000	0.00000	0.00000	0.00000	0.00000	-169.18327	0.00000	-1.48565	-1.48565	513.83688	0.00000	0.00000	0.00000	-338.36654	0.00000	-1.65789	-1.65789	0.00000	0.00000	0.00000	0.00000	0.00000	0.00000	0.00000	0.00000	0.00000	
0.00000	0.00000	0.00000	0.00000	0.00000	0.00000	0.00000	0.00000	-35.07669	0.00000	0.00000	0.00000	39.63393	-1.06266	-1.06266	0.00000	0.00000	0.00000	0.00000	0.00000	-1.18587	0.00000	0.00000	-1.18587	0.00000	0.00000	0.00000	0.00000	
0.00000	0.00000	0.00000	0.00000	0.00000	0.00000	0.00000	0.00000	0.00000	-35.07669	0.00000	0.00000	-1.06266	39.63393	0.00000	-1.06266	0.00000	0.00000	0.00000	0.00000	0.00000	-1.18587	0.00000	-1.18587	0.00000	0.00000	0.00000	0.00000	
0.00000	0.00000	0.00000	0.00000	0.00000	0.00000	0.00000	0.00000	0.00000	0.00000	-35.07669	0.00000	-1.06266	0.00000	39.63393	-1.06266	0.00000	0.00000	0.00000	0.00000	-1.18587	0.00000	-1.18587	0.00000	0.00000	0.00000	0.00000	0.00000	
0.00000	0.00000	0.00000	0.00000	0.00000	0.00000	0.00000	0.00000	0.00000	0.00000	0.00000	-35.07669	0.00000	-1.06266	-1.06266	39.63393	0.00000	0.00000	0.00000	0.00000	0.00000	-1.18587	-1.18587	0.00000	0.00000	0.00000	0.00000	0.00000	
0.00000	0.00000	0.00000	0.00000	0.00000	0.00000	0.00000	0.00000	-0.56170	0.00000	-0.56170	0.00000	0.00000	0.00000	0.00000	0.00000	339.48993	0.00000	0.00000	0.00000	-338.36654	0.00000	0.00000	0.00000	0.00000	0.00000	0.00000	0.00000	
0.00000	0.00000	0.00000	0.00000	0.00000	0.00000	0.00000	0.00000	0.00000	-0.56170	0.00000	-0.56170	0.00000	0.00000	0.00000	0.00000	0.00000	339.48993	0.00000	0.00000	0.00000	-338.36654	0.00000	0.00000	0.00000	0.00000	0.00000	0.00000	
0.00000	0.00000	0.00000	0.00000	0.00000	0.00000	0.00000	0.00000	0.00000	0.00000	-0.56170	-0.56170	0.00000	0.00000	0.00000	0.00000	0.00000	0.00000	339.48993	0.00000	0.00000	0.00000	-338.36654	0.00000	0.00000	0.00000	0.00000	0.00000	
0.00000	0.00000	0.00000	0.00000	0.00000	0.00000	0.00000	0.00000	-0.56170	-0.56170	0.00000	0.00000	0.00000	0.00000	0.00000	0.00000	0.00000	0.00000	0.00000	339.48993	0.00000	0.00000	0.00000	-338.36654	0.00000	0.00000	0.00000	0.00000	
0.00000	0.00000	0.00000	0.00000	0.00000	0.00000	0.00000	0.00000	0.00000	0.00000	0.00000	0.00000	-0.40177	0.00000	-0.40177	0.00000	-35.07669	0.00000	0.00000	0.00000	36.99357	0.00000	0.00000	0.00000	-1.05315	0.00000	0.00000	0.00000	
0.00000	0.00000	0.00000	0.00000	0.00000	0.00000	0.00000	0.00000	0.00000	0.00000	0.00000	0.00000	0.00000	-0.40177	0.00000	-0.40177	0.00000	-35.07669	0.00000	0.00000	0.00000	36.99357	0.00000	0.00000	0.00000	-1.05315	0.00000	0.00000	
0.00000	0.00000	0.00000	0.00000	0.00000	0.00000	0.00000	0.00000	0.00000	0.00000	0.00000	0.00000	0.00000	0.00000	-0.40177	-0.40177	0.00000	0.00000	-35.07669	0.00000	0.00000	0.00000	36.99357	0.00000	0.00000	0.00000	-1.05315	0.00000	
0.00000	0.00000	0.00000	0.00000	0.00000	0.00000	0.00000	0.00000	0.00000	0.00000	0.00000	0.00000	-0.40177	-0.40177	0.00000	0.00000	0.00000	0.00000	0.00000	-35.07669	0.00000	0.00000	0.00000	36.99357	0.00000	0.00000	0.00000	-1.05315	
0.00000	0.00000	0.00000	0.00000	0.00000	0.00000	0.00000	0.00000	0.00000	0.00000	0.00000	0.00000	0.00000	0.00000	0.00000	0.00000	0.00000	0.00000	0.00000	0.00000	-0.26221	0.00000	0.00000	0.00000	0.32239	0.00000	0.00000	0.00000	
0.00000	0.00000	0.00000	0.00000	0.00000	0.00000	0.00000	0.00000	0.00000	0.00000	0.00000	0.00000	0.00000	0.00000	0.00000	0.00000	0.00000	0.00000	0.00000	0.00000	0.00000	-0.26221	0.00000	0.00000	0.00000	0.32239	0.00000	0.00000	
0.00000	0.00000	0.00000	0.00000	0.00000	0.00000	0.00000	0.00000	0.00000	0.00000	0.00000	0.00000	0.00000	0.00000	0.00000	0.00000	0.00000	0.00000	0.00000	0.00000	0.00000	0.00000	-0.26221	0.00000	0.00000	0.00000	0.32239	0.00000	
0.00000	0.00000	0.00000	0.00000	0.00000	0.00000	0.00000	0.00000	0.00000	0.00000	0.00000	0.00000	0.00000	0.00000	0.00000	0.00000	0.00000	0.00000	0.00000	0.00000	0.00000	0.00000	0.00000	-0.26221	0.00000	0.00000	0.00000	0.32239	

printing vector g_amb:
0.15629	0.15629	0.15629	0.15629	0.00000	0.00000	0.00000	0.00000	0.46131	0.46131	0.46131	0.46131	1.85280	1.85280	1.85280	1.85280	
