initialization begins 0.050000
initial 1
n:  1   n_node:  16
matrix cal 16 times 
0.994253 0.988647    0.988647 0.977841    0.977841 0.957747    0.957747 0.922868    0.922868 0.869407    0.869407 0.801584    0.801584 0.726433    0.726433 0.626744    0.626744 0.474556    0.474556 0.281645    0.281645 0.118736    0.118736 0.043634    0.043634 0.016193    0.016193 0.004954    0.004954 0.003125    0.003125 0.002586    A matrix is:
B matrix is:
initialization finished
0
0
0
0
0
0
0
0
0
0
0
0
0
test start 1 a 11
test while 2 b 21
test while 3 c 31
test while 4 d 41
test while 5 e 51
test end 7 g 71
test end 8 h 81
test end 9 i 91
printing block model information...
n_nodes: 16
n_units: 1
base_n_units: 1
r_ready: 1
c_ready: 1
printing package RC information...
r_sp1_x: 0.882920	r_sp1_y: 0.884299
r_sp_per_x: 0.012086	r_sp_per_y: 0.012571
c_sp_per_x: 0.244532	c_sp_per_y: 0.235089
r_hs1_x: 0.127959	r_hs1_y: 0.128159
r_hs2_x: 0.075792	r_hs2_y: 0.074253
r_hs_c_per_x: 0.083392	r_hs_c_per_y: 0.086742
c_hs_c_per_x: 1.687272	c_hs_c_per_y: 1.622115
r_hs: 0.072464	r_hs_per: 0.025556
c_hs_per: 5.505864
r_amb_c_per_x: 1.740360	r_amb_c_per_y: 1.810267
c_amb_c_per_x: 2.686410	c_amb_c_per_y: 2.582669
r_amb_per: 0.533333
c_amb_per: 8.766225
r_sub1_x: 118.418169	r_sub1_y: 116.827023
r_sub_per_x: 5.500215	r_sub_per_y: 5.860711
c_sub_per_x: 0.048434	c_sub_per_y: 0.045455
r_solder1_x: 15.117213	r_solder1_y: 14.914088
r_solder_per_x: 0.620424	r_solder_per_y: 0.661088
c_solder_per_x: 0.059756	c_solder_per_y: 0.056080
r_pcb1_x: 39.433250	r_pcb1_y: 38.903399
r_pcb2_x: 27.150609	r_pcb2_y: 26.122049
r_pcb_c_per_x: 7.326287	r_pcb_c_per_y: 7.806466
c_pcb_c_per_x: 0.079917	c_pcb_c_per_y: 0.075001
r_pcb: 80.696319	r_pcb_per: 0.278690
c_pcb_per: 2.100877
r_amb_sec_c_per_x: 550.021546	r_amb_sec_c_per_y: 586.071051
c_amb_sec_c_per_x: 0.122297	c_amb_sec_c_per_y: 0.114774
r_amb_sec_per: 20.922691
c_amb_sec_per: 3.214978
printing matrix b:
59.04078	-59.04078	0.00000	0.00000	0.00000	0.00000	0.00000	0.00000	0.00000	0.00000	0.00000	0.00000	0.00000	0.00000	0.00000	0.00000	
-59.04078	76.75301	-17.71223	0.00000	0.00000	0.00000	0.00000	0.00000	0.00000	0.00000	0.00000	0.00000	0.00000	0.00000	0.00000	0.00000	
0.00000	-17.71223	55.01180	-35.42447	-0.48446	-0.48446	-0.45309	-0.45309	0.00000	0.00000	0.00000	0.00000	0.00000	0.00000	0.00000	0.00000	
0.00000	0.00000	-35.42447	48.59741	0.00000	0.00000	0.00000	0.00000	-3.34277	-3.34277	-3.12632	-3.12632	0.00000	0.00000	0.00000	0.00000	
0.00000	0.00000	-0.48446	0.00000	83.22595	0.00000	0.00000	0.00000	-82.74150	0.00000	0.00000	0.00000	0.00000	0.00000	0.00000	0.00000	
0.00000	0.00000	-0.48446	0.00000	0.00000	83.22595	0.00000	0.00000	0.00000	-82.74150	0.00000	0.00000	0.00000	0.00000	0.00000	0.00000	
0.00000	0.00000	-0.45309	0.00000	0.00000	0.00000	79.99936	0.00000	0.00000	0.00000	-79.54627	0.00000	0.00000	0.00000	0.00000	0.00000	
0.00000	0.00000	-0.45309	0.00000	0.00000	0.00000	0.00000	79.99936	0.00000	0.00000	0.00000	-79.54627	0.00000	0.00000	0.00000	0.00000	
0.00000	0.00000	0.00000	-3.34277	-82.74150	0.00000	0.00000	0.00000	93.37768	0.00000	0.00000	0.00000	-6.74510	0.00000	0.00000	0.00000	
0.00000	0.00000	0.00000	-3.34277	0.00000	-82.74150	0.00000	0.00000	0.00000	93.37768	0.00000	0.00000	0.00000	-6.74510	0.00000	0.00000	
0.00000	0.00000	0.00000	-3.12632	0.00000	0.00000	-79.54627	0.00000	0.00000	0.00000	90.01559	0.00000	0.00000	0.00000	-6.81585	0.00000	
0.00000	0.00000	0.00000	-3.12632	0.00000	0.00000	0.00000	-79.54627	0.00000	0.00000	0.00000	90.01559	0.00000	0.00000	0.00000	-6.81585	
0.00000	0.00000	0.00000	0.00000	0.00000	0.00000	0.00000	0.00000	-6.74510	0.00000	0.00000	0.00000	8.53436	0.00000	0.00000	0.00000	
0.00000	0.00000	0.00000	0.00000	0.00000	0.00000	0.00000	0.00000	0.00000	-6.74510	0.00000	0.00000	0.00000	8.53436	0.00000	0.00000	
0.00000	0.00000	0.00000	0.00000	0.00000	0.00000	0.00000	0.00000	0.00000	0.00000	-6.81585	0.00000	0.00000	0.00000	8.60512	0.00000	
0.00000	0.00000	0.00000	0.00000	0.00000	0.00000	0.00000	0.00000	0.00000	0.00000	0.00000	-6.81585	0.00000	0.00000	0.00000	8.60512	

printing vector a:
0.00774	0.00236	0.10469	1.87252	0.24453	0.24453	0.23509	0.23509	4.37368	4.37368	4.20478	4.20478	14.27209	14.27209	14.27209	14.27209	
printing vector inva:
129.17639	423.86003	9.55178	0.53404	4.08944	4.08944	4.25371	4.25371	0.22864	0.22864	0.23782	0.23782	0.07007	0.07007	0.07007	0.07007	
printing matrix c:
7626.67429	-7626.67429	0.00000	0.00000	0.00000	0.00000	0.00000	0.00000	0.00000	0.00000	0.00000	0.00000	0.00000	0.00000	0.00000	0.00000	
-25025.02503	32532.53253	-7507.50751	0.00000	0.00000	0.00000	0.00000	0.00000	0.00000	0.00000	0.00000	0.00000	0.00000	0.00000	0.00000	0.00000	
0.00000	-169.18327	525.46033	-338.36654	-4.62745	-4.62745	-4.32782	-4.32782	0.00000	0.00000	0.00000	0.00000	0.00000	0.00000	0.00000	0.00000	
0.00000	0.00000	-18.91804	25.95291	0.00000	0.00000	0.00000	0.00000	-1.78517	-1.78517	-1.66958	-1.66958	0.00000	0.00000	0.00000	0.00000	
0.00000	0.00000	-1.98117	0.00000	340.34770	0.00000	0.00000	0.00000	-338.36654	0.00000	0.00000	0.00000	0.00000	0.00000	0.00000	0.00000	
0.00000	0.00000	-1.98117	0.00000	0.00000	340.34770	0.00000	0.00000	0.00000	-338.36654	0.00000	0.00000	0.00000	0.00000	0.00000	0.00000	
0.00000	0.00000	-1.92731	0.00000	0.00000	0.00000	340.29385	0.00000	0.00000	0.00000	-338.36654	0.00000	0.00000	0.00000	0.00000	0.00000	
0.00000	0.00000	-1.92731	0.00000	0.00000	0.00000	0.00000	340.29385	0.00000	0.00000	0.00000	-338.36654	0.00000	0.00000	0.00000	0.00000	
0.00000	0.00000	0.00000	-0.76429	-18.91804	0.00000	0.00000	0.00000	21.34991	0.00000	0.00000	0.00000	-1.54220	0.00000	0.00000	0.00000	
0.00000	0.00000	0.00000	-0.76429	0.00000	-18.91804	0.00000	0.00000	0.00000	21.34991	0.00000	0.00000	0.00000	-1.54220	0.00000	0.00000	
0.00000	0.00000	0.00000	-0.74352	0.00000	0.00000	-18.91804	0.00000	0.00000	0.00000	21.40790	0.00000	0.00000	0.00000	-1.62098	0.00000	
0.00000	0.00000	0.00000	-0.74352	0.00000	0.00000	0.00000	-18.91804	0.00000	0.00000	0.00000	21.40790	0.00000	0.00000	0.00000	-1.62098	
0.00000	0.00000	0.00000	0.00000	0.00000	0.00000	0.00000	0.00000	-0.47261	0.00000	0.00000	0.00000	0.59798	0.00000	0.00000	0.00000	
0.00000	0.00000	0.00000	0.00000	0.00000	0.00000	0.00000	0.00000	0.00000	-0.47261	0.00000	0.00000	0.00000	0.59798	0.00000	0.00000	
0.00000	0.00000	0.00000	0.00000	0.00000	0.00000	0.00000	0.00000	0.00000	0.00000	-0.47757	0.00000	0.00000	0.00000	0.60293	0.00000	
0.00000	0.00000	0.00000	0.00000	0.00000	0.00000	0.00000	0.00000	0.00000	0.00000	0.00000	-0.47757	0.00000	0.00000	0.00000	0.60293	

printing vector g_amb:
0.23475	0.00000	0.00000	0.00000	0.00000	0.54832	0.54832	0.52715	0.52715	1.78926	1.78926	1.78926	1.78926	
